>>> execfile("fits6.py")
Minuit succeeded.
f(area, rmsbeam, back, jan16, jan30, feb06, feb13, feb20, feb27, mar06, mar13, apr03, apr08, apr09, apr10, fullgam, yint, phi, btautau, tauyint, tauphi, twophofrac, rjan16, rjan30, rfeb06, rfeb13, rfeb20, rfeb27, rmar06, rmar13, rapr03, rapr08, rapr09, rapr10) is <function u1fit at 0x40b08fb4>, with up = 1

Minuit succeeded.
Minos has not been executed.

fval = 204.198285532, edm = 1.48805140201e-06, ncalls = 690

    area = 319.988987483 +/- 2.29926074362, no limits
    rmsbeam = 3.79 +/- 0.1, no limits
    back = 9.38730467993 +/- 0.0210993654915, no limits
    jan16 = 0.342896984369 +/- 0.122980092103, no limits
    jan30 = 0.542629100811 +/- 0.0916514016782, no limits
    feb06 = 0.23921045034 +/- 0.0891493429292, no limits
    feb13 = 0.0869083092929 +/- 0.107422024587, no limits
    feb20 = 0.162806765881 +/- 0.0991540002949, no limits
    feb27 = 0.117286659524 +/- 0.113217669126, no limits
    mar06 = 0.18621732644 +/- 0.114375289189, no limits
    mar13 = 0.566553075921 +/- 0.101707987929, no limits
    apr03 = 0.863482427017 +/- 0.152850463957, no limits
    apr08 = 0.786271396917 +/- 0.121508618027, no limits
    apr09 = 0.43775780454 +/- 0.132633953864, no limits
    apr10 = 0.871353214991 +/- 0.117830343911, no limits
    fullgam = 0.053 +/- 0.1, no limits
    yint = 0.01864 +/- 0.1, no limits
    phi = 0.0 +/- 0.1, no limits
    btautau = 0.0267 +/- 0.1, no limits
    tauyint = 0.2 +/- 0.1, no limits
    tauphi = 0.0 +/- 0.1, no limits
    twophofrac = 0.0792 +/- 0.1, no limits
    rjan16 = 3.53109261894 +/- 0.114970552887, no limits
    rjan30 = 3.82938651019 +/- 0.0388194396733, no limits
    rfeb06 = 3.79132045452 +/- 0.0510228853793, no limits
    rfeb13 = 3.66019208508 +/- 0.0952775105979, no limits
    rfeb20 = 3.72243929539 +/- 0.0546039563653, no limits
    rfeb27 = 3.81254895096 +/- 0.0508816732092, no limits
    rmar06 = 3.74133996111 +/- 0.0555835480007, no limits
    rmar13 = 3.81332115001 +/- 0.0484527857921, no limits
    rapr03 = 4.34302799263 +/- 0.193642353323, no limits
    rapr08 = 3.76039540395 +/- 0.124843707243, no limits
    rapr09 = 3.9359142978 +/- 0.151970913136, no limits
    rapr10 = 3.70290786805 +/- 0.0493921542053, no limits

    rjan16 = 3.53109261894 +/- 0.114970552887 - 0.117137905601 + 0.120177204869, no limits
    rjan30 = 3.82938651019 +/- 0.0388194396733 - 0.0386741371478 + 0.0389401816945, no limits
    rfeb06 = 3.79132045452 +/- 0.0510228853793 - 0.0513474508468 + 0.0519223892519, no limits
    rfeb13 = 3.66019208508 +/- 0.0952775105979 - 0.105920052988 + 0.108057671074, no limits
    rfeb20 = 3.72243929539 +/- 0.0546039563653 - 0.053143812374 + 0.0541582646343, no limits
    rfeb27 = 3.81254895096 +/- 0.0508816732092 - 0.0496594146633 + 0.0504784931557, no limits
    rmar06 = 3.74133996111 +/- 0.0555835480007 - 0.0569504314001 + 0.0579383900141, no limits
    rmar13 = 3.81332115001 +/- 0.0484527857921 - 0.0479387568868 + 0.0486524152552, no limits
    rapr03 = 4.34302799263 +/- 0.193642353323 - 0.202105109666 + 0.221548245821, no limits
    rapr08 = 3.76039540395 +/- 0.124843707243 - 0.123147411173 + 0.131973253598, no limits
    rapr09 = 3.9359142978 +/- 0.151970913136 - 0.143610041316 + 0.155519499517, no limits
    rapr10 = 3.70290786805 +/- 0.0493921542053 - 0.0496728850498 + 0.0485746326479, no limits

Covariance matrix:

         5.2866                0       -0.0162918        0.0133086       -0.0342781       -0.0444731       -0.0213993       -0.0435686       -0.0245625      -0.00828184         -0.04001       -0.0509023       -0.0268689       -0.0272464      -0.00605505                0                0                0                0                0                0                0       -0.0184714        0.0598605        0.0488544        0.0028344        0.0598947         0.054282        0.0597862        0.0565357        0.0111153       0.00713197       0.00668908         0.066634
              0                0                0                0                0                0                0                0                0                0                0                0                0                0                0                0                0                0                0                0                0                0                0                0                0                0                0                0                0                0                0                0                0                0
     -0.0162918                0      0.000445183     -1.03229e-05      4.10594e-05      0.000126051      1.51621e-05      0.000111901      0.000106498     -5.65915e-05      0.000101344      5.10875e-05      6.10113e-05      3.64942e-05       1.3962e-05                0                0                0                0                0                0                0     -9.98391e-05     -0.000142849      -6.2491e-05      1.33889e-06     -0.000129258     -0.000108128     -0.000142765     -0.000140577     -4.12461e-05     -4.96857e-05      -2.5536e-05     -0.000124225
      0.0133086                0     -1.03229e-05        0.0151241     -0.000201105      0.000488109     -9.68733e-05     -0.000167537     -8.46029e-05     -0.000422262       -0.0003041      -0.00185258     -0.000176367      0.000281729     -0.000163892                0                0                0                0                0                0                0      -0.00475364      0.000112011      0.000303219     -0.000289356       0.00015763      7.97456e-05     -0.000108747      0.000165418      -0.00027391     -0.000188639     -5.34166e-07      0.000172373
     -0.0342781                0      4.10594e-05     -0.000201105       0.00839998      0.000203196       0.00015614      0.000282588       0.00034296     -4.48065e-05      0.000281283      0.000466559      0.000171606      0.000247184      0.000116313                0                0                0                0                0                0                0      0.000102404     -0.000358293     -0.000351558     -8.84164e-05     -0.000438643       -0.0003846     -0.000344996     -0.000342951       1.4023e-05      1.13769e-06      0.000118392     -0.000414321
     -0.0444731                0      0.000126051      0.000488109      0.000203196       0.00794761     -0.000218456      0.000245446      -0.00024583     -3.68013e-05      0.000234854     -0.000521895      0.000166879       0.00022913     -2.62014e-05                0                0                0                0                0                0                0     -0.000271774     -0.000470742      0.000618828      0.000127045     -0.000469507     -0.000500891     -0.000448309     -0.000431893       -0.0020366     -0.000144303     -0.000202329     -0.000644652
     -0.0213993                0      1.51621e-05     -9.68733e-05       0.00015614     -0.000218456        0.0115395      0.000126786      7.46162e-05     -0.000377998       0.00017216       0.00076309      0.000129389      0.000146634      5.20669e-05                0                0                0                0                0                0                0     -1.51682e-05      -0.00023891     -0.000258239     -0.000850599     -0.000379302     -0.000232989     -0.000310637     -0.000227354       0.00279058     -8.71937e-06     -3.80052e-05     -0.000320166
     -0.0435686                0      0.000111901     -0.000167537      0.000282588      0.000245446      0.000126786       0.00983152       0.00015019      1.52989e-05      0.000328448      0.000416408      0.000250186      0.000335164      6.95835e-05                0                0                0                0                0                0                0      9.15472e-05     -0.000539586     -0.000367234     -1.29476e-05      -0.00066817      -0.00046675     -0.000507238     -0.000500193     -9.82559e-05      -6.3352e-05     -3.78664e-05     -0.000601357
     -0.0245625                0      0.000106498     -8.46029e-05       0.00034296      -0.00024583      7.46162e-05       0.00015019        0.0128182      0.000540955       0.00019167      0.000108342      0.000190343      0.000276357      0.000512733                0                0                0                0                0                0                0     -0.000185844     -0.000444396      6.63638e-05      2.25468e-05     -0.000672718      0.000494157     -0.000634769     -0.000396018     -0.000237419     -8.84816e-05     -0.000178166     -0.000260461
    -0.00828184                0     -5.65915e-05     -0.000422262     -4.48065e-05     -3.68013e-05     -0.000377998      1.52989e-05      0.000540955        0.0130817     -5.18733e-05     -8.76325e-05      9.31837e-06     -1.49359e-05     -0.000100858                0                0                0                0                0                0                0      0.000175687      2.32971e-05      2.22026e-05        0.0005085      7.97785e-05     -8.97192e-05      0.000326592      3.41398e-05      -0.00148591      2.54435e-05     -0.000118069     -0.000208638
       -0.04001                0      0.000101344       -0.0003041      0.000281283      0.000234854       0.00017216      0.000328448       0.00019167     -5.18733e-05        0.0103445      0.000504733      0.000235749       0.00022085      9.38071e-05                0                0                0                0                0                0                0      0.000192227     -0.000493135     -0.000387436     -2.21253e-05     -0.000534373     -0.000424466     -0.000402321     -0.000454155      0.000321359      -7.9247e-05     -0.000217316     -0.000525353
     -0.0509023                0      5.10875e-05      -0.00185258      0.000466559     -0.000521895       0.00076309      0.000416408      0.000108342     -8.76325e-05      0.000504733        0.0233633      0.000386403     -6.15096e-05     -8.59145e-05                0                0                0                0                0                0                0       0.00149211     -0.000584833     -0.000684787     -0.000550973     -0.000667502     -0.000482061     -0.000370595     -0.000583648       0.00312972      3.65533e-05     -0.000367837     -0.000554726
     -0.0268689                0      6.10113e-05     -0.000176367      0.000171606      0.000166879      0.000129389      0.000250186      0.000190343      9.31837e-06      0.000235749      0.000386403        0.0147643      0.000121302       0.00010896                0                0                0                0                0                0                0      0.000177283     -0.000309434       -0.0002564     -3.07462e-05     -0.000295098     -0.000256355     -0.000293965     -0.000298645     -3.91053e-05      -2.3686e-05     -1.59962e-05     -0.000338309
     -0.0272464                0      3.64942e-05      0.000281729      0.000247184       0.00022913      0.000146634      0.000335164      0.000276357     -1.49359e-05       0.00022085     -6.15096e-05      0.000121302        0.0175918      7.72658e-05                0                0                0                0                0                0                0     -0.000155041     -0.000360835     -0.000234662     -1.75242e-05     -0.000199045     -0.000262534     -0.000373651     -0.000324041     -0.000844645      -1.9149e-05     -7.71703e-05     -0.000329396
    -0.00605505                0       1.3962e-05     -0.000163892      0.000116313     -2.62014e-05      5.20669e-05      6.95835e-05      0.000512733     -0.000100858      9.38071e-05     -8.59145e-05       0.00010896      7.72658e-05         0.013884                0                0                0                0                0                0                0       0.00016336     -0.000146557      -4.2088e-05     -0.000155549      -0.00019461      5.24886e-05      0.000142731     -0.000129803     -0.000698291      0.000148258      6.40245e-05      -0.00278107
              0                0                0                0                0                0                0                0                0                0                0                0                0                0                0                0                0                0                0                0                0                0                0                0                0                0                0                0                0                0                0                0                0                0
              0                0                0                0                0                0                0                0                0                0                0                0                0                0                0                0                0                0                0                0                0                0                0                0                0                0                0                0                0                0                0                0                0                0
              0                0                0                0                0                0                0                0                0                0                0                0                0                0                0                0                0                0                0                0                0                0                0                0                0                0                0                0                0                0                0                0                0                0
              0                0                0                0                0                0                0                0                0                0                0                0                0                0                0                0                0                0                0                0                0                0                0                0                0                0                0                0                0                0                0                0                0                0
              0                0                0                0                0                0                0                0                0                0                0                0                0                0                0                0                0                0                0                0                0                0                0                0                0                0                0                0                0                0                0                0                0                0
              0                0                0                0                0                0                0                0                0                0                0                0                0                0                0                0                0                0                0                0                0                0                0                0                0                0                0                0                0                0                0                0                0                0
              0                0                0                0                0                0                0                0                0                0                0                0                0                0                0                0                0                0                0                0                0                0                0                0                0                0                0                0                0                0                0                0                0                0
     -0.0184714                0     -9.98391e-05      -0.00475364      0.000102404     -0.000271774     -1.51682e-05      9.15472e-05     -0.000185844      0.000175687      0.000192227       0.00149211      0.000177283     -0.000155041       0.00016336                0                0                0                0                0                0                0        0.0132182     -0.000205927     -0.000379252      0.000128083     -0.000250747     -0.000225833      4.27835e-05     -0.000203157      0.000384107     -7.71822e-06     -0.000100809     -0.000295628
      0.0598605                0     -0.000142849      0.000112011     -0.000358293     -0.000470742      -0.00023891     -0.000539586     -0.000444396      2.32971e-05     -0.000493135     -0.000584833     -0.000309434     -0.000360835     -0.000146557                0                0                0                0                0                0                0     -0.000205927       0.00150695      0.000548981      6.11387e-05      0.000704673      0.000585167      0.000683915      0.000659173      0.000258611      7.07458e-05     -6.72611e-06      0.000746294
      0.0488544                0      -6.2491e-05      0.000303219     -0.000351558      0.000618828     -0.000258239     -0.000367234      6.63638e-05      2.22026e-05     -0.000387436     -0.000684787       -0.0002564     -0.000234662      -4.2088e-05                0                0                0                0                0                0                0     -0.000379252      0.000548981       0.00260333      0.000233568      0.000586945      0.000534695      0.000509278      0.000519136      0.000159167      2.40453e-05      0.000138625       0.00061454
      0.0028344                0      1.33889e-06     -0.000289356     -8.84164e-05      0.000127045     -0.000850599     -1.29476e-05      2.25468e-05        0.0005085     -2.21253e-05     -0.000550973     -3.07462e-05     -1.75242e-05     -0.000155549                0                0                0                0                0                0                0      0.000128083      6.11387e-05      0.000233568        0.0090778      9.56048e-05      2.34644e-05      0.000218072      5.48925e-05      -0.00395183      3.07998e-05       0.00016222      6.05025e-05
      0.0598947                0     -0.000129258       0.00015763     -0.000438643     -0.000469507     -0.000379302      -0.00066817     -0.000672718      7.97785e-05     -0.000534373     -0.000667502     -0.000295098     -0.000199045      -0.00019461                0                0                0                0                0                0                0     -0.000250747      0.000704673      0.000586945      9.56048e-05       0.00298159      0.000544083      0.000656876      0.000675959      0.000446885      6.50554e-05      0.000205234      0.000724421
       0.054282                0     -0.000108128      7.97456e-05       -0.0003846     -0.000500891     -0.000232989      -0.00046675      0.000494157     -8.97192e-05     -0.000424466     -0.000482061     -0.000256355     -0.000262534      5.24886e-05                0                0                0                0                0                0                0     -0.000225833      0.000585167      0.000534695      2.34644e-05      0.000544083       0.00258894      0.000621755      0.000559588      0.000346216      4.41567e-05       6.3788e-05      0.000727007
      0.0597862                0     -0.000142765     -0.000108747     -0.000344996     -0.000448309     -0.000310637     -0.000507238     -0.000634769      0.000326592     -0.000402321     -0.000370595     -0.000293965     -0.000373651      0.000142731                0                0                0                0                0                0                0      4.27835e-05      0.000683915      0.000509278      0.000218072      0.000656876      0.000621755       0.00308953      0.000631996     -0.000351714      0.000120222      0.000194457      0.000782166
      0.0565357                0     -0.000140577      0.000165418     -0.000342951     -0.000431893     -0.000227354     -0.000500193     -0.000396018      3.41398e-05     -0.000454155     -0.000583648     -0.000298645     -0.000324041     -0.000129803                0                0                0                0                0                0                0     -0.000203157      0.000659173      0.000519136      5.48925e-05      0.000675959      0.000559588      0.000631996       0.00234767      9.96889e-05      7.85154e-05      4.73565e-05      0.000709121
      0.0111153                0     -4.12461e-05      -0.00027391       1.4023e-05       -0.0020366       0.00279058     -9.82559e-05     -0.000237419      -0.00148591      0.000321359       0.00312972     -3.91053e-05     -0.000844645     -0.000698291                0                0                0                0                0                0                0      0.000384107      0.000258611      0.000159167      -0.00395183      0.000446885      0.000346216     -0.000351714      9.96889e-05        0.0374974      9.13082e-05      2.17732e-05      0.000219611
     0.00713197                0     -4.96857e-05     -0.000188639      1.13769e-06     -0.000144303     -8.71937e-06      -6.3352e-05     -8.84816e-05      2.54435e-05      -7.9247e-05      3.65533e-05      -2.3686e-05      -1.9149e-05      0.000148258                0                0                0                0                0                0                0     -7.71822e-06      7.07458e-05      2.40453e-05      3.07998e-05      6.50554e-05      4.41567e-05      0.000120222      7.85154e-05      9.13082e-05         0.015586       -8.391e-05      6.52132e-05
     0.00668908                0      -2.5536e-05     -5.34166e-07      0.000118392     -0.000202329     -3.80052e-05     -3.78664e-05     -0.000178166     -0.000118069     -0.000217316     -0.000367837     -1.59962e-05     -7.71703e-05      6.40245e-05                0                0                0                0                0                0                0     -0.000100809     -6.72611e-06      0.000138625       0.00016222      0.000205234       6.3788e-05      0.000194457      4.73565e-05      2.17732e-05       -8.391e-05        0.0230952       6.0583e-05
       0.066634                0     -0.000124225      0.000172373     -0.000414321     -0.000644652     -0.000320166     -0.000601357     -0.000260461     -0.000208638     -0.000525353     -0.000554726     -0.000338309     -0.000329396      -0.00278107                0                0                0                0                0                0                0     -0.000295628      0.000746294       0.00061454      6.05025e-05      0.000724421      0.000727007      0.000782166      0.000709121      0.000219611      6.52132e-05       6.0583e-05       0.00243958
Minuit succeeded.
f(area, rmsbeam, back, may29, jun11, jun12, jul10, jul24, aug07, fullgam, yint, phi, btautau, tauyint, tauphi, twophofrac, u1area, rmay29, rjun11, rjun12, rjul10, rjul24, raug07) is <function u2fit at 0x40b086f4>, with up = 1

Minuit succeeded.
Minos has not been executed.

fval = 52.7909611689, edm = 3.55207934722e-06, ncalls = 641

    area = 134.921624628 +/- 2.41753457942, no limits
    rmsbeam = 4.1758 +/- 0.1, no limits
    back = 9.36714732469 +/- 0.0157438198542, no limits
    may29 = -1.00042892452 +/- 0.210440330649, no limits
    jun11 = -1.13234595058 +/- 0.161043159846, no limits
    jun12 = -1.51078678753 +/- 0.183353814568, no limits
    jul10 = -0.812509097111 +/- 0.117244851964, no limits
    jul24 = -0.853970208772 +/- 0.237342649336, no limits
    aug07 = -0.394335766852 +/- 0.212949664494, no limits
    fullgam = 0.043 +/- 0.1, no limits
    yint = 0.01792 +/- 0.1, no limits
    phi = 0.0 +/- 0.1, no limits
    btautau = 0.017 +/- 0.1, no limits
    tauyint = 0.37 +/- 0.1, no limits
    tauphi = 0.0 +/- 0.1, no limits
    twophofrac = 0.0792 +/- 0.1, no limits
    u1area = 319.988987483 +/- 0.1, no limits
    rmay29 = 4.28629322679 +/- 0.172421097109, no limits
    rjun11 = 4.01314654533 +/- 0.295604362392, no limits
    rjun12 = 4.25415201809 +/- 0.117575431514, no limits
    rjul10 = 3.91987316377 +/- 0.167358505984, no limits
    rjul24 = 3.7696777093 +/- 0.595759359698, no limits
    raug07 = 4.23821651803 +/- 0.190065586033, no limits

    rmay29 = 4.28629322679 +/- 0.172421097109 - 0.144585229188 + 0.152490222232, no limits
    rjun11 = 4.01314654533 +/- 0.295604362392 - 0.268883169298 + 0.290949860127, no limits
    rjun12 = 4.25415201809 +/- 0.117575431514 - 0.113942384667 + 0.117809357952, no limits
    rjul10 = 3.91987316377 +/- 0.167358505984 - 0.163686711709 + 0.168979048619, no limits
    rjul24 = 3.7696777093 +/- 0.595759359698 - 0.408913954759 + 0.505852991529, no limits
    raug07 = 4.23821651803 +/- 0.190065586033 - 0.184621198411 + 0.193678057158, no limits

Covariance matrix:

        5.84447                0      -0.00633191        0.0496206        -0.145829       -0.0699046       -0.0695688        -0.196589         0.033457                0                0                0                0                0                0                0                0         0.237849       -0.0561331         0.191533         0.143048        -0.234609         0.219221
              0                0                0                0                0                0                0                0                0                0                0                0                0                0                0                0                0                0                0                0                0                0                0
    -0.00633191                0      0.000247868     -1.09774e-05     -1.85051e-05     -1.66102e-06      1.39744e-06     -8.06964e-06     -2.07536e-05                0                0                0                0                0                0                0                0     -0.000136066      -0.00018141      -9.6831e-05     -0.000117024     -0.000208834     -0.000106323
      0.0496206                0     -1.09774e-05        0.0442851      -0.00126944     -0.000607241     -0.000603782      -0.00170831      0.000286807                0                0                0                0                0                0                0                0       0.00906111     -0.000519577       0.00164579       0.00122124      -0.00207406       0.00188451
      -0.145829                0     -1.85051e-05      -0.00126944        0.0259349       0.00180091       0.00179003        0.0050671     -0.000846154                0                0                0                0                0                0                0                0      -0.00602377        0.0157962       -0.0048601      -0.00359707       0.00619295      -0.00556599
     -0.0699046                0     -1.66102e-06     -0.000607241       0.00180091        0.0336186      0.000855854       0.00242235     -0.000405149                0                0                0                0                0                0                0                0      -0.00288392      0.000749183      0.000302332      -0.00172316        0.0029548      -0.00266419
     -0.0695688                0      1.39744e-06     -0.000603782       0.00179003      0.000855854        0.0137464       0.00240791     -0.000403006                0                0                0                0                0                0                0                0      -0.00286852      0.000742518      -0.00231385      0.000566995       0.00293475      -0.00264973
      -0.196589                0     -8.06964e-06      -0.00170831        0.0050671       0.00242235       0.00240791        0.0563315       -0.0011396                0                0                0                0                0                0                0                0        -0.008112        0.0021103      -0.00654405      -0.00484648        0.0887581       -0.0074942
       0.033457                0     -2.07536e-05      0.000286807     -0.000846154     -0.000405149     -0.000403006       -0.0011396        0.0453476                0                0                0                0                0                0                0                0        0.0013694     -0.000336909       0.00110356      0.000821327       -0.0013728      -0.00577232
              0                0                0                0                0                0                0                0                0                0                0                0                0                0                0                0                0                0                0                0                0                0                0
              0                0                0                0                0                0                0                0                0                0                0                0                0                0                0                0                0                0                0                0                0                0                0
              0                0                0                0                0                0                0                0                0                0                0                0                0                0                0                0                0                0                0                0                0                0                0
              0                0                0                0                0                0                0                0                0                0                0                0                0                0                0                0                0                0                0                0                0                0                0
              0                0                0                0                0                0                0                0                0                0                0                0                0                0                0                0                0                0                0                0                0                0                0
              0                0                0                0                0                0                0                0                0                0                0                0                0                0                0                0                0                0                0                0                0                0                0
              0                0                0                0                0                0                0                0                0                0                0                0                0                0                0                0                0                0                0                0                0                0                0
              0                0                0                0                0                0                0                0                0                0                0                0                0                0                0                0                0                0                0                0                0                0                0
       0.237849                0     -0.000136066       0.00906111      -0.00602377      -0.00288392      -0.00286852        -0.008112        0.0013694                0                0                0                0                0                0                0                0         0.029729      -0.00240664       0.00785053       0.00584068      -0.00978138        0.0089877
     -0.0561331                0      -0.00018141     -0.000519577        0.0157962      0.000749183      0.000742518        0.0021103     -0.000336909                0                0                0                0                0                0                0                0      -0.00240664        0.0873819       -0.0019508      -0.00141205       0.00271865      -0.00223735
       0.191533                0      -9.6831e-05       0.00164579       -0.0048601      0.000302332      -0.00231385      -0.00654405       0.00110356                0                0                0                0                0                0                0                0       0.00785053       -0.0019508         0.013824       0.00470534      -0.00790114       0.00724447
       0.143048                0     -0.000117024       0.00122124      -0.00359707      -0.00172316      0.000566995      -0.00484648      0.000821327                0                0                0                0                0                0                0                0       0.00584068      -0.00141205       0.00470534        0.0280089      -0.00581515       0.00538626
      -0.234609                0     -0.000208834      -0.00207406       0.00619295        0.0029548       0.00293475        0.0887581       -0.0013728                0                0                0                0                0                0                0                0      -0.00978138       0.00271865      -0.00790114      -0.00581515         0.354929      -0.00905201
       0.219221                0     -0.000106323       0.00188451      -0.00556599      -0.00266419      -0.00264973       -0.0074942      -0.00577232                0                0                0                0                0                0                0                0        0.0089877      -0.00223735       0.00724447       0.00538626      -0.00905201        0.0361249
Minuit succeeded.
f(area, rmsbeam, back, nov28, dec05, dec12, dec19, dec26, jan02, jan09, fullgam, yint, phi, btautau, tauyint, tauphi, twophofrac, u1area, u2area, rnov28, rdec05, rdec12, rdec19, rdec26, rjan02, rjan09) is <function u3fit at 0x40b08764>, with up = 1

Minuit succeeded.
Minos has not been executed.

fval = 146.719715333, edm = 1.69634587286e-05, ncalls = 701

    area = 86.4015392131 +/- 1.68892792127, no limits
    rmsbeam = 4.48 +/- 0.1, no limits
    back = 9.34914327631 +/- 0.0242132272032, no limits
    nov28 = -2.42614698567 +/- 0.41521108906, no limits
    dec05 = -4.22397928315 +/- 0.279936854863, no limits
    dec12 = -3.24237047925 +/- 0.331451061391, no limits
    dec19 = -2.21728139253 +/- 0.396704961221, no limits
    dec26 = -3.02806480602 +/- 0.213962193142, no limits
    jan02 = -2.73592798469 +/- 0.285804286527, no limits
    jan09 = -2.48004700041 +/- 0.390225345049, no limits
    fullgam = 0.0263 +/- 0.1, no limits
    yint = 0.01823 +/- 0.1, no limits
    phi = 0.0 +/- 0.1, no limits
    btautau = 0.0239 +/- 0.1, no limits
    tauyint = 0.27 +/- 0.1, no limits
    tauphi = 0.0 +/- 0.1, no limits
    twophofrac = 0.0792 +/- 0.1, no limits
    u1area = 319.988987483 +/- 0.1, no limits
    u2area = 134.921624628 +/- 0.1, no limits
    rnov28 = 4.72465141933 +/- 0.140480733396, no limits
    rdec05 = 4.46274280454 +/- 0.134266846927, no limits
    rdec12 = 4.52737467611 +/- 0.11031391646, no limits
    rdec19 = 4.69644215633 +/- 0.182374783715, no limits
    rdec26 = 4.12007258544 +/- 0.207871082345, no limits
    rjan02 = 4.5792648208 +/- 0.136050140001, no limits
    rjan09 = 4.60701369399 +/- 0.122593842852, no limits

Covariance matrix:

        2.85248                0       -0.0176561       -0.0600739       -0.0146278         0.089697       -0.0153025       -0.0291902       -0.0841031        -0.101047                0                0                0                0                0                0                0                0                0         0.145341         0.143588         0.119429         0.167872        0.0510149         0.111868         0.149193
              0                0                0                0                0                0                0                0                0                0                0                0                0                0                0                0                0                0                0                0                0                0                0                0                0                0
     -0.0176561                0       0.00058628      6.30196e-05     -0.000114868     -0.000403643      0.000161575     -5.87214e-05      4.85162e-06       5.1491e-05                0                0                0                0                0                0                0                0                0     -0.000511963     -0.000542869      -0.00043187     -0.000623597     -0.000679054      -0.00048744     -0.000531186
     -0.0600739                0      6.30196e-05           0.1724      0.000441056      -0.00198717      0.000278988      0.000769749       0.00210513       0.00249969                0                0                0                0                0                0                0                0                0      -0.00470256      -0.00324795      -0.00271421      -0.00380443     -0.000839183      -0.00248868      -0.00339601
     -0.0146278                0     -0.000114868      0.000441056        0.0783646     -0.000525243       4.9682e-05      0.000252785      0.000653381      0.000765353                0                0                0                0                0                0                0                0                0     -0.000912263        0.0153928     -0.000744811      -0.00103979     -0.000105167     -0.000661949     -0.000934006
       0.089697                0     -0.000403643      -0.00198717     -0.000525243          0.10986     -0.000459947     -0.000993961      -0.00280851      -0.00335984                0                0                0                0                0                0                0                0                0       0.00469345       0.00462508        0.0180151        0.0054108       0.00148875       0.00358285       0.00481605
     -0.0153025                0      0.000161575      0.000278988       4.9682e-05     -0.000459947         0.157375      0.000123039      0.000378896      0.000461632                0                0                0                0                0                0                0                0                0     -0.000725362     -0.000721812     -0.000597612       -0.0248206     -0.000324594     -0.000571396     -0.000745379
     -0.0291902                0     -5.87214e-05      0.000769749      0.000252785     -0.000993961      0.000123039        0.0457798       0.00111949       0.00132212                0                0                0                0                0                0                0                0                0      -0.00168187      -0.00164298      -0.00137642      -0.00192641        0.0105043      -0.00124766      -0.00172361
     -0.0841031                0      4.85162e-06       0.00210513      0.000653381      -0.00280851      0.000378896       0.00111949        0.0816841       0.00359988                0                0                0                0                0                0                0                0                0       -0.0047044      -0.00460758      -0.00385361      -0.00539881      -0.00111135      -0.00175823      -0.00482296
